-0.000379
-0.000379
-0.000515
-0.000978
-0.001277
-0.001412
-0.001696
-0.002129
-0.002084
-0.002190
-0.002443
-0.002533
-0.003086
-0.003161
-0.003386
-0.003132
-0.003655
-0.003700
-0.003895
-0.003925
-0.004105
-0.004120
-0.004599
-0.004599
-0.004749
-0.004735
-0.004873
-0.005108
-0.005167
-0.004912
-0.004971
-0.004716
-0.005088
-0.005147
-0.004892
-0.004951
-0.005009
-0.005068
-0.005127
-0.004873
-0.004931
-0.004620
-0.005048
-0.005107
-0.004795
-0.004911
-0.004600
-0.005028
-0.004716
-0.005145
-0.005204
-0.004580
-0.005008
-0.004696
-0.005125
-0.004501
-0.004560
-0.004989
-0.004364
-0.005105
-0.004481
-0.004910
-0.004598
-0.004657
-0.004768
-0.004603
-0.005119
-0.004584
-0.005100
-0.003035
-0.001193
